FOR 0
FOR 2
2 
FOR 4
4 
2 2 
FOR 6
6 
4 2 
2 2 2 
FOR 8
8 
6 2 
4 4 
4 2 2 
2 2 2 2 
FOR 10
10 
8 2 
6 2 2 
4 6 
4 4 2 
4 2 2 2 
2 2 2 2 2 
FOR 12
12 
10 2 
8 4 
8 2 2 
6 2 4 
6 2 2 2 
4 4 4 
4 4 2 2 
4 2 2 2 2 
2 2 2 2 2 2 
FOR 14
14 
12 2 
10 2 2 
8 6 
8 4 2 
8 2 2 2 
6 2 6 
6 2 4 2 
6 2 2 2 2 
4 10 
4 4 6 
4 4 4 2 
4 4 2 2 2 
4 2 2 2 2 2 
2 2 2 2 2 2 2 
FOR 16
16 
14 2 
12 4 
12 2 2 
10 2 4 
10 2 2 2 
8 8 
8 6 2 
8 4 4 
8 4 2 2 
8 2 2 2 2 
6 2 6 2 
6 2 4 4 
6 2 4 2 2 
6 2 2 2 2 2 
4 4 4 4 
4 4 4 2 2 
4 4 2 2 2 2 
4 2 2 2 2 2 2 
2 2 2 2 2 2 2 2 
FOR 18
18 
16 2 
14 2 2 
12 6 
12 4 2 
12 2 2 2 
10 2 6 
10 2 4 2 
10 2 2 2 2 
8 10 
8 8 2 
8 6 2 2 
8 4 6 
8 4 4 2 
8 4 2 2 2 
8 2 2 2 2 2 
6 2 6 2 2 
6 2 4 6 
6 2 4 4 2 
6 2 4 2 2 2 
6 2 2 2 2 2 2 
4 14 
4 4 10 
4 4 4 6 
4 4 4 4 2 
4 4 4 2 2 2 
4 4 2 2 2 2 2 
4 2 2 2 2 2 2 2 
2 2 2 2 2 2 2 2 2 
FOR 20
20 
18 2 
16 4 
16 2 2 
14 2 4 
14 2 2 2 
12 8 
12 6 2 
12 4 4 
12 4 2 2 
12 2 2 2 2 
10 2 8 
10 2 6 2 
10 2 4 4 
10 2 4 2 2 
10 2 2 2 2 2 
8 8 4 
8 8 2 2 
8 6 2 4 
8 6 2 2 2 
8 4 4 4 
8 4 4 2 2 
8 4 2 2 2 2 
8 2 2 2 2 2 2 
6 2 6 2 4 
6 2 6 2 2 2 
6 2 4 4 4 
6 2 4 4 2 2 
6 2 4 2 2 2 2 
6 2 2 2 2 2 2 2 
4 4 4 4 4 
4 4 4 4 2 2 
4 4 4 2 2 2 2 
4 4 2 2 2 2 2 2 
4 2 2 2 2 2 2 2 2 
2 2 2 2 2 2 2 2 2 2 
FOR 22
22 
20 2 
18 2 2 
16 6 
16 4 2 
16 2 2 2 
14 2 6 
14 2 4 2 
14 2 2 2 2 
12 10 
12 8 2 
12 6 2 2 
12 4 6 
12 4 4 2 
12 4 2 2 2 
12 2 2 2 2 2 
10 2 10 
10 2 8 2 
10 2 6 2 2 
10 2 4 6 
10 2 4 4 2 
10 2 4 2 2 2 
10 2 2 2 2 2 2 
8 14 
8 8 6 
8 8 4 2 
8 8 2 2 2 
8 6 2 6 
8 6 2 4 2 
8 6 2 2 2 2 
8 4 10 
8 4 4 6 
8 4 4 4 2 
8 4 4 2 2 2 
8 4 2 2 2 2 2 
8 2 2 2 2 2 2 2 
6 2 6 2 6 
6 2 6 2 4 2 
6 2 6 2 2 2 2 
6 2 4 4 6 
6 2 4 4 4 2 
6 2 4 4 2 2 2 
6 2 4 2 2 2 2 2 
6 2 2 2 2 2 2 2 2 
4 18 
4 4 14 
4 4 4 10 
4 4 4 4 6 
4 4 4 4 4 2 
4 4 4 4 2 2 2 
4 4 4 2 2 2 2 2 
4 4 2 2 2 2 2 2 2 
4 2 2 2 2 2 2 2 2 2 
2 2 2 2 2 2 2 2 2 2 2 
FOR 24
24 
22 2 
20 4 
20 2 2 
18 2 4 
18 2 2 2 
16 8 
16 6 2 
16 4 4 
16 4 2 2 
16 2 2 2 2 
14 2 8 
14 2 6 2 
14 2 4 4 
14 2 4 2 2 
14 2 2 2 2 2 
12 12 
12 10 2 
12 8 4 
12 8 2 2 
12 6 2 4 
12 6 2 2 2 
12 4 4 4 
12 4 4 2 2 
12 4 2 2 2 2 
12 2 2 2 2 2 2 
10 2 10 2 
10 2 8 4 
10 2 8 2 2 
10 2 6 2 4 
10 2 6 2 2 2 
10 2 4 4 4 
10 2 4 4 2 2 
10 2 4 2 2 2 2 
10 2 2 2 2 2 2 2 
8 8 8 
8 8 6 2 
8 8 4 4 
8 8 4 2 2 
8 8 2 2 2 2 
8 6 2 6 2 
8 6 2 4 4 
8 6 2 4 2 2 
8 6 2 2 2 2 2 
8 4 4 4 4 
8 4 4 4 2 2 
8 4 4 2 2 2 2 
8 4 2 2 2 2 2 2 
8 2 2 2 2 2 2 2 2 
6 2 6 2 6 2 
6 2 6 2 4 4 
6 2 6 2 4 2 2 
6 2 6 2 2 2 2 2 
6 2 4 4 4 4 
6 2 4 4 4 2 2 
6 2 4 4 2 2 2 2 
6 2 4 2 2 2 2 2 2 
6 2 2 2 2 2 2 2 2 2 
4 4 4 4 4 4 
4 4 4 4 4 2 2 
4 4 4 4 2 2 2 2 
4 4 4 2 2 2 2 2 2 
4 4 2 2 2 2 2 2 2 2 
4 2 2 2 2 2 2 2 2 2 2 
2 2 2 2 2 2 2 2 2 2 2 2 
FOR 26
26 
24 2 
22 2 2 
20 6 
20 4 2 
20 2 2 2 
18 2 6 
18 2 4 2 
18 2 2 2 2 
16 10 
16 8 2 
16 6 2 2 
16 4 6 
16 4 4 2 
16 4 2 2 2 
16 2 2 2 2 2 
14 2 10 
14 2 8 2 
14 2 6 2 2 
14 2 4 6 
14 2 4 4 2 
14 2 4 2 2 2 
14 2 2 2 2 2 2 
12 14 
12 12 2 
12 10 2 2 
12 8 6 
12 8 4 2 
12 8 2 2 2 
12 6 2 6 
12 6 2 4 2 
12 6 2 2 2 2 
12 4 10 
12 4 4 6 
12 4 4 4 2 
12 4 4 2 2 2 
12 4 2 2 2 2 2 
12 2 2 2 2 2 2 2 
10 2 10 2 2 
10 2 8 6 
10 2 8 4 2 
10 2 8 2 2 2 
10 2 6 2 6 
10 2 6 2 4 2 
10 2 6 2 2 2 2 
10 2 4 10 
10 2 4 4 6 
10 2 4 4 4 2 
10 2 4 4 2 2 2 
10 2 4 2 2 2 2 2 
10 2 2 2 2 2 2 2 2 
8 18 
8 8 10 
8 8 8 2 
8 8 6 2 2 
8 8 4 6 
8 8 4 4 2 
8 8 4 2 2 2 
8 8 2 2 2 2 2 
8 6 2 6 2 2 
8 6 2 4 6 
8 6 2 4 4 2 
8 6 2 4 2 2 2 
8 6 2 2 2 2 2 2 
8 4 14 
8 4 4 10 
8 4 4 4 6 
8 4 4 4 4 2 
8 4 4 4 2 2 2 
8 4 4 2 2 2 2 2 
8 4 2 2 2 2 2 2 2 
8 2 2 2 2 2 2 2 2 2 
6 2 6 2 6 2 2 
6 2 6 2 4 6 
6 2 6 2 4 4 2 
6 2 6 2 4 2 2 2 
6 2 6 2 2 2 2 2 2 
6 2 4 4 4 6 
6 2 4 4 4 4 2 
6 2 4 4 4 2 2 2 
6 2 4 4 2 2 2 2 2 
6 2 4 2 2 2 2 2 2 2 
6 2 2 2 2 2 2 2 2 2 2 
4 22 
4 4 18 
4 4 4 14 
4 4 4 4 10 
4 4 4 4 4 6 
4 4 4 4 4 4 2 
4 4 4 4 4 2 2 2 
4 4 4 4 2 2 2 2 2 
4 4 4 2 2 2 2 2 2 2 
4 4 2 2 2 2 2 2 2 2 2 
4 2 2 2 2 2 2 2 2 2 2 2 
2 2 2 2 2 2 2 2 2 2 2 2 2 
FOR 28
28 
26 2 
24 4 
24 2 2 
22 2 4 
22 2 2 2 
20 8 
20 6 2 
20 4 4 
20 4 2 2 
20 2 2 2 2 
18 2 8 
18 2 6 2 
18 2 4 4 
18 2 4 2 2 
18 2 2 2 2 2 
16 12 
16 10 2 
16 8 4 
16 8 2 2 
16 6 2 4 
16 6 2 2 2 
16 4 4 4 
16 4 4 2 2 
16 4 2 2 2 2 
16 2 2 2 2 2 2 
14 2 12 
14 2 10 2 
14 2 8 4 
14 2 8 2 2 
14 2 6 2 4 
14 2 6 2 2 2 
14 2 4 4 4 
14 2 4 4 2 2 
14 2 4 2 2 2 2 
14 2 2 2 2 2 2 2 
12 12 4 
12 12 2 2 
12 10 2 4 
12 10 2 2 2 
12 8 8 
12 8 6 2 
12 8 4 4 
12 8 4 2 2 
12 8 2 2 2 2 
12 6 2 6 2 
12 6 2 4 4 
12 6 2 4 2 2 
12 6 2 2 2 2 2 
12 4 4 4 4 
12 4 4 4 2 2 
12 4 4 2 2 2 2 
12 4 2 2 2 2 2 2 
12 2 2 2 2 2 2 2 2 
10 2 10 2 4 
10 2 10 2 2 2 
10 2 8 8 
10 2 8 6 2 
10 2 8 4 4 
10 2 8 4 2 2 
10 2 8 2 2 2 2 
10 2 6 2 6 2 
10 2 6 2 4 4 
10 2 6 2 4 2 2 
10 2 6 2 2 2 2 2 
10 2 4 4 4 4 
10 2 4 4 4 2 2 
10 2 4 4 2 2 2 2 
10 2 4 2 2 2 2 2 2 
10 2 2 2 2 2 2 2 2 2 
8 8 8 4 
8 8 8 2 2 
8 8 6 2 4 
8 8 6 2 2 2 
8 8 4 4 4 
8 8 4 4 2 2 
8 8 4 2 2 2 2 
8 8 2 2 2 2 2 2 
8 6 2 6 2 4 
8 6 2 6 2 2 2 
8 6 2 4 4 4 
8 6 2 4 4 2 2 
8 6 2 4 2 2 2 2 
8 6 2 2 2 2 2 2 2 
8 4 4 4 4 4 
8 4 4 4 4 2 2 
8 4 4 4 2 2 2 2 
8 4 4 2 2 2 2 2 2 
8 4 2 2 2 2 2 2 2 2 
8 2 2 2 2 2 2 2 2 2 2 
6 2 6 2 6 2 4 
6 2 6 2 6 2 2 2 
6 2 6 2 4 4 4 
6 2 6 2 4 4 2 2 
6 2 6 2 4 2 2 2 2 
6 2 6 2 2 2 2 2 2 2 
6 2 4 4 4 4 4 
6 2 4 4 4 4 2 2 
6 2 4 4 4 2 2 2 2 
6 2 4 4 2 2 2 2 2 2 
6 2 4 2 2 2 2 2 2 2 2 
6 2 2 2 2 2 2 2 2 2 2 2 
4 4 4 4 4 4 4 
4 4 4 4 4 4 2 2 
4 4 4 4 4 2 2 2 2 
4 4 4 4 2 2 2 2 2 2 
4 4 4 2 2 2 2 2 2 2 2 
4 4 2 2 2 2 2 2 2 2 2 2 
4 2 2 2 2 2 2 2 2 2 2 2 2 
2 2 2 2 2 2 2 2 2 2 2 2 2 2 
FOR 30
30 
28 2 
26 2 2 
24 6 
24 4 2 
24 2 2 2 
22 2 6 
22 2 4 2 
22 2 2 2 2 
20 10 
20 8 2 
20 6 2 2 
20 4 6 
20 4 4 2 
20 4 2 2 2 
20 2 2 2 2 2 
18 2 10 
18 2 8 2 
18 2 6 2 2 
18 2 4 6 
18 2 4 4 2 
18 2 4 2 2 2 
18 2 2 2 2 2 2 
16 14 
16 12 2 
16 10 2 2 
16 8 6 
16 8 4 2 
16 8 2 2 2 
16 6 2 6 
16 6 2 4 2 
16 6 2 2 2 2 
16 4 10 
16 4 4 6 
16 4 4 4 2 
16 4 4 2 2 2 
16 4 2 2 2 2 2 
16 2 2 2 2 2 2 2 
14 2 14 
14 2 12 2 
14 2 10 2 2 
14 2 8 6 
14 2 8 4 2 
14 2 8 2 2 2 
14 2 6 2 6 
14 2 6 2 4 2 
14 2 6 2 2 2 2 
14 2 4 10 
14 2 4 4 6 
14 2 4 4 4 2 
14 2 4 4 2 2 2 
14 2 4 2 2 2 2 2 
14 2 2 2 2 2 2 2 2 
12 18 
12 12 6 
12 12 4 2 
12 12 2 2 2 
12 10 2 6 
12 10 2 4 2 
12 10 2 2 2 2 
12 8 10 
12 8 8 2 
12 8 6 2 2 
12 8 4 6 
12 8 4 4 2 
12 8 4 2 2 2 
12 8 2 2 2 2 2 
12 6 2 6 2 2 
12 6 2 4 6 
12 6 2 4 4 2 
12 6 2 4 2 2 2 
12 6 2 2 2 2 2 2 
12 4 14 
12 4 4 10 
12 4 4 4 6 
12 4 4 4 4 2 
12 4 4 4 2 2 2 
12 4 4 2 2 2 2 2 
12 4 2 2 2 2 2 2 2 
12 2 2 2 2 2 2 2 2 2 
10 2 10 2 6 
10 2 10 2 4 2 
10 2 10 2 2 2 2 
10 2 8 10 
10 2 8 8 2 
10 2 8 6 2 2 
10 2 8 4 6 
10 2 8 4 4 2 
10 2 8 4 2 2 2 
10 2 8 2 2 2 2 2 
10 2 6 2 6 2 2 
10 2 6 2 4 6 
10 2 6 2 4 4 2 
10 2 6 2 4 2 2 2 
10 2 6 2 2 2 2 2 2 
10 2 4 4 10 
10 2 4 4 4 6 
10 2 4 4 4 4 2 
10 2 4 4 4 2 2 2 
10 2 4 4 2 2 2 2 2 
10 2 4 2 2 2 2 2 2 2 
10 2 2 2 2 2 2 2 2 2 2 
8 22 
8 8 14 
8 8 8 6 
8 8 8 4 2 
8 8 8 2 2 2 
8 8 6 2 6 
8 8 6 2 4 2 
8 8 6 2 2 2 2 
8 8 4 10 
8 8 4 4 6 
8 8 4 4 4 2 
8 8 4 4 2 2 2 
8 8 4 2 2 2 2 2 
8 8 2 2 2 2 2 2 2 
8 6 2 6 2 6 
8 6 2 6 2 4 2 
8 6 2 6 2 2 2 2 
8 6 2 4 4 6 
8 6 2 4 4 4 2 
8 6 2 4 4 2 2 2 
8 6 2 4 2 2 2 2 2 
8 6 2 2 2 2 2 2 2 2 
8 4 18 
8 4 4 14 
8 4 4 4 10 
8 4 4 4 4 6 
8 4 4 4 4 4 2 
8 4 4 4 4 2 2 2 
8 4 4 4 2 2 2 2 2 
8 4 4 2 2 2 2 2 2 2 
8 4 2 2 2 2 2 2 2 2 2 
8 2 2 2 2 2 2 2 2 2 2 2 
6 2 6 2 6 2 6 
6 2 6 2 6 2 4 2 
6 2 6 2 6 2 2 2 2 
6 2 6 2 4 4 6 
6 2 6 2 4 4 4 2 
6 2 6 2 4 4 2 2 2 
6 2 6 2 4 2 2 2 2 2 
6 2 6 2 2 2 2 2 2 2 2 
6 2 4 4 4 4 6 
6 2 4 4 4 4 4 2 
6 2 4 4 4 4 2 2 2 
6 2 4 4 4 2 2 2 2 2 
6 2 4 4 2 2 2 2 2 2 2 
6 2 4 2 2 2 2 2 2 2 2 2 
6 2 2 2 2 2 2 2 2 2 2 2 2 
4 26 
4 4 22 
4 4 4 18 
4 4 4 4 14 
4 4 4 4 4 10 
4 4 4 4 4 4 6 
4 4 4 4 4 4 4 2 
4 4 4 4 4 4 2 2 2 
4 4 4 4 4 2 2 2 2 2 
4 4 4 4 2 2 2 2 2 2 2 
4 4 4 2 2 2 2 2 2 2 2 2 
4 4 2 2 2 2 2 2 2 2 2 2 2 
4 2 2 2 2 2 2 2 2 2 2 2 2 2 
2 2 2 2 2 2 2 2 2 2 2 2 2 2 2 
FOR 32
32 
30 2 
28 4 
28 2 2 
26 2 4 
26 2 2 2 
24 8 
24 6 2 
24 4 4 
24 4 2 2 
24 2 2 2 2 
22 2 8 
22 2 6 2 
22 2 4 4 
22 2 4 2 2 
22 2 2 2 2 2 
20 12 
20 10 2 
20 8 4 
20 8 2 2 
20 6 2 4 
20 6 2 2 2 
20 4 4 4 
20 4 4 2 2 
20 4 2 2 2 2 
20 2 2 2 2 2 2 
18 2 12 
18 2 10 2 
18 2 8 4 
18 2 8 2 2 
18 2 6 2 4 
18 2 6 2 2 2 
18 2 4 4 4 
18 2 4 4 2 2 
18 2 4 2 2 2 2 
18 2 2 2 2 2 2 2 
16 16 
16 14 2 
16 12 4 
16 12 2 2 
16 10 2 4 
16 10 2 2 2 
16 8 8 
16 8 6 2 
16 8 4 4 
16 8 4 2 2 
16 8 2 2 2 2 
16 6 2 6 2 
16 6 2 4 4 
16 6 2 4 2 2 
16 6 2 2 2 2 2 
16 4 4 4 4 
16 4 4 4 2 2 
16 4 4 2 2 2 2 
16 4 2 2 2 2 2 2 
16 2 2 2 2 2 2 2 2 
14 2 14 2 
14 2 12 4 
14 2 12 2 2 
14 2 10 2 4 
14 2 10 2 2 2 
14 2 8 8 
14 2 8 6 2 
14 2 8 4 4 
14 2 8 4 2 2 
14 2 8 2 2 2 2 
14 2 6 2 6 2 
14 2 6 2 4 4 
14 2 6 2 4 2 2 
14 2 6 2 2 2 2 2 
14 2 4 4 4 4 
14 2 4 4 4 2 2 
14 2 4 4 2 2 2 2 
14 2 4 2 2 2 2 2 2 
14 2 2 2 2 2 2 2 2 2 
12 12 8 
12 12 6 2 
12 12 4 4 
12 12 4 2 2 
12 12 2 2 2 2 
12 10 2 8 
12 10 2 6 2 
12 10 2 4 4 
12 10 2 4 2 2 
12 10 2 2 2 2 2 
12 8 8 4 
12 8 8 2 2 
12 8 6 2 4 
12 8 6 2 2 2 
12 8 4 4 4 
12 8 4 4 2 2 
12 8 4 2 2 2 2 
12 8 2 2 2 2 2 2 
12 6 2 6 2 4 
12 6 2 6 2 2 2 
12 6 2 4 4 4 
12 6 2 4 4 2 2 
12 6 2 4 2 2 2 2 
12 6 2 2 2 2 2 2 2 
12 4 4 4 4 4 
12 4 4 4 4 2 2 
12 4 4 4 2 2 2 2 
12 4 4 2 2 2 2 2 2 
12 4 2 2 2 2 2 2 2 2 
12 2 2 2 2 2 2 2 2 2 2 
10 2 10 2 8 
10 2 10 2 6 2 
10 2 10 2 4 4 
10 2 10 2 4 2 2 
10 2 10 2 2 2 2 2 
10 2 8 8 4 
10 2 8 8 2 2 
10 2 8 6 2 4 
10 2 8 6 2 2 2 
10 2 8 4 4 4 
10 2 8 4 4 2 2 
10 2 8 4 2 2 2 2 
10 2 8 2 2 2 2 2 2 
10 2 6 2 6 2 4 
10 2 6 2 6 2 2 2 
10 2 6 2 4 4 4 
10 2 6 2 4 4 2 2 
10 2 6 2 4 2 2 2 2 
10 2 6 2 2 2 2 2 2 2 
10 2 4 4 4 4 4 
10 2 4 4 4 4 2 2 
10 2 4 4 4 2 2 2 2 
10 2 4 4 2 2 2 2 2 2 
10 2 4 2 2 2 2 2 2 2 2 
10 2 2 2 2 2 2 2 2 2 2 2 
8 8 8 8 
8 8 8 6 2 
8 8 8 4 4 
8 8 8 4 2 2 
8 8 8 2 2 2 2 
8 8 6 2 6 2 
8 8 6 2 4 4 
8 8 6 2 4 2 2 
8 8 6 2 2 2 2 2 
8 8 4 4 4 4 
8 8 4 4 4 2 2 
8 8 4 4 2 2 2 2 
8 8 4 2 2 2 2 2 2 
8 8 2 2 2 2 2 2 2 2 
8 6 2 6 2 6 2 
8 6 2 6 2 4 4 
8 6 2 6 2 4 2 2 
8 6 2 6 2 2 2 2 2 
8 6 2 4 4 4 4 
8 6 2 4 4 4 2 2 
8 6 2 4 4 2 2 2 2 
8 6 2 4 2 2 2 2 2 2 
8 6 2 2 2 2 2 2 2 2 2 
8 4 4 4 4 4 4 
8 4 4 4 4 4 2 2 
8 4 4 4 4 2 2 2 2 
8 4 4 4 2 2 2 2 2 2 
8 4 4 2 2 2 2 2 2 2 2 
8 4 2 2 2 2 2 2 2 2 2 2 
8 2 2 2 2 2 2 2 2 2 2 2 2 
6 2 6 2 6 2 6 2 
6 2 6 2 6 2 4 4 
6 2 6 2 6 2 4 2 2 
6 2 6 2 6 2 2 2 2 2 
6 2 6 2 4 4 4 4 
6 2 6 2 4 4 4 2 2 
6 2 6 2 4 4 2 2 2 2 
6 2 6 2 4 2 2 2 2 2 2 
6 2 6 2 2 2 2 2 2 2 2 2 
6 2 4 4 4 4 4 4 
6 2 4 4 4 4 4 2 2 
6 2 4 4 4 4 2 2 2 2 
6 2 4 4 4 2 2 2 2 2 2 
6 2 4 4 2 2 2 2 2 2 2 2 
6 2 4 2 2 2 2 2 2 2 2 2 2 
6 2 2 2 2 2 2 2 2 2 2 2 2 2 
4 4 4 4 4 4 4 4 
4 4 4 4 4 4 4 2 2 
4 4 4 4 4 4 2 2 2 2 
4 4 4 4 4 2 2 2 2 2 2 
4 4 4 4 2 2 2 2 2 2 2 2 
4 4 4 2 2 2 2 2 2 2 2 2 2 
4 4 2 2 2 2 2 2 2 2 2 2 2 2 
4 2 2 2 2 2 2 2 2 2 2 2 2 2 2 
2 2 2 2 2 2 2 2 2 2 2 2 2 2 2 2 
